P,      D,      R,      Q,      PDQ,    PDQR
-----------F1------------------
Resultados para ventana de size 3
0.499 	0.497 	0.482 	0.509 	0.496 	0.5 	
0.554 	0.66 	0.855 	0.549 	0.61 	0.709 	
0.36 	0.478 	0.825 	0.522 	0.498 	0.67 	
0.532 	0.691 	0.837 	0.547 	0.537 	0.83 	
0.441 	0.387 	0.825 	0.582 	0.603 	0.827 	
-------------------------------
Resultados para ventana de size 5
0.482 	0.495 	0.501 	0.487 	0.515 	0.504 	
0.541 	0.677 	0.868 	0.539 	0.622 	0.735 	
0.382 	0.484 	0.841 	0.516 	0.513 	0.76 	
0.536 	0.656 	0.837 	0.54 	0.524 	0.851 	
0.442 	0.472 	0.841 	0.594 	0.612 	0.838 	
-------------------------------
Resultados para ventana de size 9
0.501 	0.499 	0.517 	0.497 	0.487 	0.508 	
0.568 	0.634 	0.876 	0.544 	0.631 	0.699 	
0.464 	0.498 	0.859 	0.53 	0.528 	0.781 	
0.568 	0.675 	0.868 	0.551 	0.521 	0.863 	
0.445 	0.546 	0.86 	0.595 	0.626 	0.85 	
-------------------------------
-----------precision-----------
Resultados para ventana de size 3
0.499 	0.497 	0.482 	0.509 	0.496 	0.5 	
0.555 	0.66 	0.856 	0.559 	0.61 	0.711 	
0.605 	0.67 	0.827 	0.623 	0.646 	0.723 	
0.537 	0.692 	0.844 	0.547 	0.54 	0.829 	
0.546 	0.762 	0.831 	0.615 	0.632 	0.833 	
-------------------------------
Resultados para ventana de size 5
0.482 	0.495 	0.502 	0.487 	0.515 	0.504 	
0.541 	0.677 	0.867 	0.546 	0.622 	0.737 	
0.561 	0.672 	0.841 	0.602 	0.642 	0.781 	
0.54 	0.656 	0.835 	0.542 	0.529 	0.85 	
0.528 	0.618 	0.841 	0.638 	0.64 	0.838 	
-------------------------------
Resultados para ventana de size 9
0.501 	0.499 	0.517 	0.497 	0.487 	0.508 	
0.568 	0.634 	0.875 	0.555 	0.631 	0.713 	
0.538 	0.675 	0.857 	0.627 	0.638 	0.792 	
0.572 	0.675 	0.866 	0.57 	0.532 	0.862 	
0.533 	0.678 	0.858 	0.644 	0.672 	0.848 	
-------------------------------
-----------recall--------------
Resultados para ventana de size 3
0.499 	0.497 	0.482 	0.509 	0.496 	0.5 	
0.556 	0.663 	0.864 	0.553 	0.61 	0.708 	
0.519 	0.579 	0.824 	0.56 	0.583 	0.702 	
0.534 	0.696 	0.834 	0.547 	0.538 	0.833 	
0.515 	0.51 	0.821 	0.59 	0.608 	0.823 	
-------------------------------
Resultados para ventana de size 5
0.482 	0.495 	0.502 	0.487 	0.515 	0.504 	
0.542 	0.68 	0.874 	0.542 	0.622 	0.733 	
0.518 	0.582 	0.84 	0.553 	0.588 	0.777 	
0.538 	0.659 	0.84 	0.54 	0.527 	0.856 	
0.51 	0.538 	0.84 	0.604 	0.616 	0.838 	
-------------------------------
Resultados para ventana de size 9
0.501 	0.499 	0.517 	0.497 	0.487 	0.508 	
0.569 	0.637 	0.884 	0.548 	0.63 	0.696 	
0.528 	0.592 	0.862 	0.564 	0.595 	0.797 	
0.569 	0.677 	0.875 	0.558 	0.528 	0.871 	
0.512 	0.582 	0.864 	0.605 	0.631 	0.854 	
-------------------------------