P,      C,      R,      Q,      P+C+Q,  P+C+Q+R
-----------F1------------------
Resultados para ventana de size 2
0.498 	0.501 	0.503 	0.494 	0.506 	0.511 	
0.488 	0.556 	0.928 	0.57 	0.557 	0.879 	
0.532 	0.244 	0.902 	0.475 	0.279 	0.774 	
0.474 	0.479 	0.928 	0.519 	0.479 	0.904 	
0.474 	0.48 	0.928 	0.474 	0.496 	0.925 	
-------------------------------
Resultados para ventana de size 4
0.492 	0.514 	0.507 	0.494 	0.494 	0.489 	
0.497 	0.555 	0.938 	0.571 	0.536 	0.895 	
0.51 	0.407 	0.936 	0.475 	0.429 	0.837 	
0.485 	0.55 	0.936 	0.48 	0.499 	0.912 	
0.475 	0.475 	0.938 	0.475 	0.491 	0.937 	
-------------------------------
Resultados para ventana de size 8
0.481 	0.501 	0.509 	0.505 	0.484 	0.505 	
0.502 	0.578 	0.946 	0.509 	0.554 	0.884 	
0.507 	0.392 	0.931 	0.473 	0.428 	0.848 	
0.503 	0.508 	0.942 	0.474 	0.476 	0.914 	
0.475 	0.475 	0.94 	0.475 	0.489 	0.94 	
-------------------------------
Resultados para ventana de size 16
0.456 	0.458 	0.484 	0.488 	0.472 	0.475 	
0.473 	0.476 	0.931 	0.476 	0.506 	0.903 	
0.521 	0.139 	0.925 	0.446 	0.251 	0.628 	
0.478 	0.478 	0.936 	0.478 	0.478 	0.606 	
0.478 	0.478 	0.936 	0.478 	0.478 	0.922 	
-------------------------------
-----------precision-----------
Resultados para ventana de size 2
0.498 	0.501 	0.503 	0.494 	0.506 	0.511 	
0.503 	0.648 	0.962 	0.681 	0.612 	0.885 	
0.547 	0.543 	0.875 	0.471 	0.508 	0.726 	
0.451 	0.48 	0.962 	0.647 	0.478 	0.955 	
0.451 	0.952 	0.962 	0.451 	0.952 	0.955 	
-------------------------------
Resultados para ventana de size 4
0.493 	0.514 	0.507 	0.494 	0.494 	0.489 	
0.511 	0.68 	0.958 	0.681 	0.586 	0.903 	
0.52 	0.49 	0.935 	0.472 	0.51 	0.79 	
0.526 	0.653 	0.95 	0.519 	0.53 	0.951 	
0.452 	0.452 	0.958 	0.452 	0.953 	0.957 	
-------------------------------
Resultados para ventana de size 8
0.481 	0.501 	0.509 	0.505 	0.483 	0.505 	
0.517 	0.739 	0.969 	0.586 	0.618 	0.875 	
0.513 	0.496 	0.925 	0.469 	0.51 	0.802 	
0.599 	0.569 	0.96 	0.452 	0.472 	0.952 	
0.452 	0.452 	0.957 	0.452 	0.953 	0.957 	
-------------------------------
Resultados para ventana de size 16
0.455 	0.455 	0.483 	0.487 	0.475 	0.477 	
0.457 	0.458 	0.964 	0.458 	0.522 	0.934 	
0.527 	0.446 	0.909 	0.471 	0.496 	0.616 	
0.458 	0.458 	0.927 	0.458 	0.458 	0.964 	
0.458 	0.458 	0.927 	0.458 	0.458 	0.922 	
-------------------------------
-----------recall--------------
Resultados para ventana de size 2
0.498 	0.501 	0.503 	0.494 	0.507 	0.511 	
0.501 	0.544 	0.9 	0.553 	0.546 	0.874 	
0.528 	0.565 	0.933 	0.483 	0.516 	0.896 	
0.498 	0.496 	0.9 	0.521 	0.495 	0.866 	
0.5 	0.503 	0.9 	0.5 	0.511 	0.899 	
-------------------------------
Resultados para ventana de size 4
0.492 	0.514 	0.507 	0.494 	0.494 	0.489 	
0.504 	0.543 	0.919 	0.554 	0.531 	0.888 	
0.511 	0.473 	0.937 	0.48 	0.53 	0.916 	
0.502 	0.54 	0.923 	0.501 	0.507 	0.881 	
0.5 	0.5 	0.919 	0.5 	0.508 	0.919 	
-------------------------------
Resultados para ventana de size 8
0.482 	0.501 	0.508 	0.505 	0.485 	0.505 	
0.507 	0.557 	0.926 	0.515 	0.543 	0.892 	
0.508 	0.49 	0.937 	0.479 	0.528 	0.924 	
0.512 	0.514 	0.925 	0.498 	0.496 	0.883 	
0.5 	0.5 	0.925 	0.5 	0.507 	0.925 	
-------------------------------
Resultados para ventana de size 16
0.457 	0.461 	0.485 	0.489 	0.47 	0.474 	
0.489 	0.496 	0.903 	0.496 	0.509 	0.877 	
0.519 	0.444 	0.944 	0.437 	0.491 	0.797 	
0.5 	0.5 	0.946 	0.5 	0.5 	0.571 	
0.5 	0.5 	0.946 	0.5 	0.5 	0.922 	
-------------------------------



-----------f1--------------
Resultados para ventana de size 2
0.474 	0.474 	0.474 	0.474 	0.474 	0.474 	
0.488 	0.564 	0.928 	0.57 	0.561 	0.856 	
0.532 	0.244 	0.902 	0.475 	0.279 	0.774 	
0.474 	0.479 	0.928 	0.519 	0.479 	0.904 	
0.474 	0.48 	0.928 	0.474 	0.496 	0.925 	
-------------------------------
Resultados para ventana de size 4
0.475 	0.475 	0.475 	0.475 	0.475 	0.475 	
0.494 	0.555 	0.938 	0.571 	0.532 	0.886 	
0.51 	0.407 	0.936 	0.475 	0.429 	0.837 	
0.485 	0.55 	0.936 	0.48 	0.499 	0.912 	
0.475 	0.475 	0.938 	0.475 	0.491 	0.937 	
-------------------------------
Resultados para ventana de size 8
0.475 	0.475 	0.475 	0.475 	0.475 	0.475 	
0.502 	0.573 	0.946 	0.509 	0.552 	0.874 	
0.507 	0.392 	0.931 	0.473 	0.428 	0.848 	
0.503 	0.508 	0.942 	0.474 	0.476 	0.914 	
0.475 	0.475 	0.94 	0.475 	0.489 	0.94 	
-------------------------------
Resultados para ventana de size 16
0.478 	0.478 	0.478 	0.478 	0.478 	0.478 	
0.474 	0.476 	0.931 	0.476 	0.508 	0.881 	
0.521 	0.139 	0.925 	0.446 	0.251 	0.628 	
0.478 	0.478 	0.936 	0.478 	0.478 	0.606 	
0.478 	0.478 	0.936 	0.478 	0.478 	0.922 	
-------------------------------
-----------precision--------------
Resultados para ventana de size 2
0.451 	0.451 	0.451 	0.451 	0.451 	0.451 	
0.505 	0.661 	0.962 	0.681 	0.588 	0.875 	
0.547 	0.543 	0.875 	0.471 	0.508 	0.726 	
0.451 	0.48 	0.962 	0.647 	0.478 	0.955 	
0.451 	0.952 	0.962 	0.451 	0.952 	0.955 	
-------------------------------
Resultados para ventana de size 4
0.452 	0.452 	0.452 	0.452 	0.452 	0.452 	
0.507 	0.68 	0.958 	0.681 	0.566 	0.885 	
0.52 	0.49 	0.935 	0.472 	0.51 	0.79 	
0.526 	0.653 	0.95 	0.519 	0.53 	0.951 	
0.452 	0.452 	0.958 	0.452 	0.953 	0.957 	
-------------------------------
Resultados para ventana de size 8
0.452 	0.452 	0.452 	0.452 	0.452 	0.452 	
0.517 	0.694 	0.969 	0.586 	0.608 	0.859 	
0.513 	0.496 	0.925 	0.469 	0.51 	0.802 	
0.599 	0.569 	0.96 	0.452 	0.472 	0.952 	
0.452 	0.452 	0.957 	0.452 	0.953 	0.957 	
-------------------------------
Resultados para ventana de size 16
0.458 	0.458 	0.458 	0.458 	0.458 	0.458 	
0.458 	0.458 	0.964 	0.458 	0.531 	0.889 	
0.527 	0.446 	0.909 	0.471 	0.496 	0.616 	
0.458 	0.458 	0.927 	0.458 	0.458 	0.964 	
0.458 	0.458 	0.927 	0.458 	0.458 	0.922 	
-------------------------------
-----------recall--------------
Resultados para ventana de size 2
0.5 	0.5 	0.5 	0.5 	0.5 	0.5 	
0.501 	0.549 	0.9 	0.553 	0.551 	0.84 	
0.528 	0.565 	0.933 	0.483 	0.516 	0.896 	
0.498 	0.496 	0.9 	0.521 	0.495 	0.866 	
0.5 	0.503 	0.9 	0.5 	0.511 	0.899 	
-------------------------------
Resultados para ventana de size 4
0.5 	0.5 	0.5 	0.5 	0.5 	0.5 	
0.502 	0.543 	0.919 	0.554 	0.528 	0.887 	
0.511 	0.473 	0.937 	0.48 	0.53 	0.916 	
0.502 	0.54 	0.923 	0.501 	0.507 	0.881 	
0.5 	0.5 	0.919 	0.5 	0.508 	0.919 	
-------------------------------
Resultados para ventana de size 8
0.5 	0.5 	0.5 	0.5 	0.5 	0.5 	
0.507 	0.555 	0.926 	0.515 	0.542 	0.89 	
0.508 	0.49 	0.937 	0.479 	0.528 	0.924 	
0.512 	0.514 	0.925 	0.498 	0.496 	0.883 	
0.5 	0.5 	0.925 	0.5 	0.507 	0.925 	
-------------------------------
Resultados para ventana de size 16
0.5 	0.5 	0.5 	0.5 	0.5 	0.5 	
0.491 	0.496 	0.903 	0.496 	0.511 	0.872 	
0.519 	0.444 	0.944 	0.437 	0.491 	0.797 	
0.5 	0.5 	0.946 	0.5 	0.5 	0.571 	
0.5 	0.5 	0.946 	0.5 	0.5 	0.922 	
-------------------------------